
    1    4   17    4    5    6
  107   6.41   6.53   7.04   7.15   7.25   7.37   7.48   7.58   8.08   8.21   8.32   8.41   8.50   9.05   9.16   9.25   9.38   9.49  10.00  10.08  10.22  10.33  10.41  10.55  11.06  11.16  11.25  11.39  11.50  12.00  12.08  12.23  12.33  12.41  12.56  13.07  13.16  13.25  13.40  13.50  14.00  14.13  14.24  14.33  14.46  14.57  15.08  15.16  15.30  15.41  15.50  16.03  16.14  16.25  16.35  16.46  16.57  17.07  17.19  17.30  17.42  17.53  18.03  18.14  18.26  18.37  18.48  18.57  19.10  19.21  19.32  19.42  19.53  20.05  20.16  20.26  20.37  20.48  21.00  21.10  21.21  21.32  21.44  21.55  22.05  22.17  22.28  22.39  22.50  23.01  23.12  23.23  23.32  23.44  23.55   0.07   0.18   0.28   0.40   0.51   1.02   1.12   1.24   1.35   1.46   1.57   1.58
  105   6.48   6.58   7.08   7.20   7.32   7.41   7.54   8.05   8.16   8.25   8.38   8.49   9.00   9.08   9.22   9.33   9.41   9.55  10.06  10.16  10.25  10.39  10.50  11.00  11.08  11.23  11.33  11.41  11.56  12.07  12.16  12.25  12.40  12.50  13.00  13.13  13.24  13.33  13.46  13.57  14.08  14.16  14.30  14.41  14.50  15.00  15.14  15.25  15.33  15.47  15.58  16.07  16.19  16.30  16.42  16.53  17.03  17.14  17.26  17.37  17.48  17.57  18.10  18.21  18.32  18.42  18.53  19.05  19.16  19.26  19.37  19.48  20.00  20.10  20.21  20.32  20.44  20.55  21.05  21.17  21.28  21.39  21.50  22.01  22.12  22.23  22.32  22.44  22.55  23.07  23.17  23.28  23.39  23.51   0.02   0.13   0.24   0.35   0.46   0.56   1.08   1.13   1.30   1.37   1.52
   44   7.03   7.25   7.49   8.08   8.33   8.58   9.21   9.41  10.07  10.30  10.50  11.16  11.39  12.00  12.25  12.48  13.08  13.33  13.57  14.16  14.41  15.06  15.25  15.50  16.14  16.37  17.01  17.23  17.46  18.10  18.32  18.55  19.19  19.42  20.05  20.28  20.51  21.14  21.37  22.00  22.23  22.46  23.07  23.21
   22   7.25   7.33   7.44   7.57   8.46   9.31  10.08  11.41  12.08  12.56  13.41  14.41  15.56  16.21  17.44  18.21  18.53  19.44  20.10  20.19  20.55  23.44
    2    3   17    4    5
   36   9.00   9.25   9.50  10.16  10.42  11.08  11.34  12.00  12.26  12.52  13.18  13.46  14.10  14.38  15.02  15.30  15.56  16.21  16.48  17.14  17.39  18.05  18.32  18.57  19.23  19.50  20.16  20.42  21.07  21.32  22.00  22.26  22.51  23.17  23.44   0.00
   36   9.00   9.25   9.50  10.16  10.42  11.08  11.34  12.00  12.26  12.52  13.18  13.46  14.10  14.38  15.02  15.30  15.56  16.21  16.48  17.14  17.39  18.05  18.32  18.57  19.23  19.50  20.16  20.42  21.07  21.32  22.00  22.26  22.51  23.17  23.44   0.00
   26  10.00  10.32  11.02  11.34  12.08  12.40  13.10  13.42  14.16  14.48  15.18  15.50  16.23  16.55  17.28  18.00  18.32  19.03  19.35  20.07  20.39  21.12  21.44  22.16  22.48  23.00
   26  10.00  10.32  11.02  11.34  12.08  12.40  13.10  13.42  14.16  14.48  15.18  15.50  16.23  16.55  17.28  18.00  18.32  19.03  19.35  20.07  20.39  21.12  21.44  22.16  22.48  23.00
    3    8   17   14   13    3    4    5    7    8
   57   9.00   9.14   9.27   9.41   9.56  10.09  10.24  10.38  10.51  11.06  11.19  11.33  11.48  12.01  12.16  12.30  12.43  12.58  13.11  13.25  13.40  13.53  14.08  14.22  14.35  14.50  15.03  15.17  15.32  15.46  16.00  16.14  16.28  16.42  16.55  17.10  17.23  17.37  17.51  18.05  18.19  18.33  18.48  19.01  19.16  19.30  19.44  19.57  20.12  20.26  20.39  20.53  21.07  21.21  21.35  21.50  22.00
   57   9.05   9.18   9.33   9.47  10.00  10.15  10.28  10.42  10.57  11.10  11.25  11.39  11.52  12.07  12.21  12.34  12.49  13.02  13.16  13.31  13.44  13.58  14.13  14.26  14.41  14.55  15.08  15.23  15.36  15.50  16.05  16.19  16.32  16.46  17.01  17.14  17.28  17.42  17.57  18.10  18.25  18.39  18.53  19.07  19.21  19.35  19.48  20.03  20.17  20.30  20.44  20.58  21.12  21.26  21.41  21.55  22.05
   50   9.00   9.16   9.32   9.48  10.03  10.19  10.35  10.51  11.08  11.24  11.40  11.56  12.11  12.27  12.43  13.00  13.16  13.32  13.48  14.03  14.19  14.35  14.51  15.08  15.24  15.40  15.56  16.12  16.28  16.44  17.00  17.16  17.32  17.48  18.03  18.19  18.35  18.51  19.07  19.23  19.39  19.55  20.12  20.28  20.44  21.00  21.16  21.32  21.48  22.00
   50   9.05   9.21   9.36   9.52  10.08  10.25  10.41  10.57  11.13  11.28  11.44  12.00  12.16  12.33  12.49  13.05  13.21  13.36  13.52  14.08  14.25  14.41  14.57  15.13  15.28  15.44  16.01  16.17  16.32  16.48  17.05  17.21  17.37  17.53  18.08  18.25  18.41  18.57  19.12  19.28  19.44  20.01  20.17  20.32  20.48  21.05  21.21  21.37  21.53  22.05