
    1    1    2   0.04
    2    2    1   0.04    3   0.05
    3    4    2   0.05    4   0.06    9   0.04   13   0.03
    4    3    3   0.06    5   0.08   17   0.03
    5    3    4   0.08    6   0.06    7   0.02
    6    1    5   0.06
    7    3    5   0.02    8   0.00   17   0.05
    8    2    7   0.00   16   0.06
    9    2    3   0.04   10   0.08
   10    2    9   0.08   11   0.04
   11    2   10   0.04   12   0.03
   12    1   11   0.03
   13    2    3   0.03   14   0.06
   14    3   13   0.06   15   0.05   17   0.05
   15    2   14   0.05   16   0.03
   16    3   15   0.03    8   0.06   17   0.07
   17    4   14   0.05    4   0.03   16   0.07    7   0.05